 \n INPUT PARAMETERS:\n
 RADIATION SCHEME:            4  streams\n
 w-grid:         111   290.000000       400.000000    
 equally spaced z-grid
 z-grid:          81   2.50000004E-02   80.0000000    
  measurement point: index           1  altitude=   2.50000004E-02
 idate =     20230410  esfact(1) =    1.00000000    
 air temperature: USSA, 1976
 air concentrations: USSA, 1976
 ozone profile: USSA, 1976
 DATAE1/SUN/susim_hi.flx
 DATAE1/SUN/atlas3_1994_317_a.dat        
 DATAE1/SUN/neckel.flx                   
 DATAE1/SUN/sao2010.solref.converted     
 aerosols:  Elterman (1968) continental profile
 solar zenith angle =    41.2999992    
 \n SPECTRAL IRRADIANCE (W m-2 nm-1):\n
 LOWER WVL  UPPER WVL  DIRECT     DIFFUSE DOWN  DIFFUSE UP  TOTAL DOWNWELLING
 290.00     291.00     0.000E+00  0.000E+00     0.000E+00   0.000E+00
 291.00     292.00     2.650E-07  6.702E-07     2.806E-07   9.352E-07
 292.00     293.00     9.771E-07  2.483E-06     1.038E-06   3.460E-06
 293.00     294.00     4.206E-06  1.075E-05     4.488E-06   1.496E-05
 294.00     295.00     1.093E-05  2.808E-05     1.170E-05   3.901E-05
 295.00     296.00     3.821E-05  9.897E-05     4.115E-05   1.372E-04
 296.00     297.00     8.774E-05  2.290E-04     9.502E-05   3.167E-04
 297.00     298.00     2.141E-04  5.624E-04     2.329E-04   7.765E-04
 298.00     299.00     3.131E-04  8.270E-04     3.420E-04   1.140E-03
 299.00     300.00     8.470E-04  2.250E-03     9.291E-04   3.097E-03
 300.00     301.00     9.227E-04  2.457E-03     1.014E-03   3.380E-03
 301.00     302.00     2.152E-03  5.766E-03     2.375E-03   7.918E-03
 302.00     303.00     2.995E-03  8.017E-03     3.304E-03   1.101E-02
 303.00     304.00     5.800E-03  1.560E-02     6.419E-03   2.140E-02
 304.00     305.00     6.870E-03  1.839E-02     7.579E-03   2.526E-02
 305.00     306.00     1.014E-02  2.726E-02     1.122E-02   3.739E-02
 306.00     307.00     1.119E-02  2.986E-02     1.232E-02   4.105E-02
 307.00     308.00     1.771E-02  4.739E-02     1.953E-02   6.510E-02
 308.00     309.00     2.073E-02  5.493E-02     2.270E-02   7.566E-02
 309.00     310.00     1.949E-02  5.154E-02     2.131E-02   7.103E-02
 310.00     311.00     2.790E-02  7.334E-02     3.037E-02   1.012E-01
 311.00     312.00     3.727E-02  9.700E-02     4.028E-02   1.343E-01
 312.00     313.00     3.837E-02  9.971E-02     4.143E-02   1.381E-01
 313.00     314.00     4.456E-02  1.142E-01     4.762E-02   1.587E-01
 314.00     315.00     4.665E-02  1.192E-01     4.975E-02   1.658E-01
 315.00     316.00     4.912E-02  1.236E-01     5.181E-02   1.727E-01
 316.00     317.00     5.078E-02  1.272E-01     5.339E-02   1.780E-01
 317.00     318.00     7.282E-02  1.791E-01     7.559E-02   2.520E-01
 318.00     319.00     5.927E-02  1.451E-01     6.131E-02   2.044E-01
 319.00     320.00     7.357E-02  1.774E-01     7.530E-02   2.510E-01
 320.00     321.00     9.112E-02  2.166E-01     9.231E-02   3.077E-01
 321.00     322.00     7.973E-02  1.888E-01     8.055E-02   2.685E-01
 322.00     323.00     8.027E-02  1.848E-01     7.951E-02   2.650E-01
 323.00     324.00     8.543E-02  1.965E-01     8.458E-02   2.819E-01
 324.00     325.00     1.014E-01  2.293E-01     9.922E-02   3.307E-01
 325.00     326.00     1.148E-01  2.546E-01     1.108E-01   3.694E-01
 326.00     327.00     1.424E-01  3.141E-01     1.369E-01   4.564E-01
 327.00     328.00     1.337E-01  2.889E-01     1.268E-01   4.226E-01
 328.00     329.00     1.249E-01  2.655E-01     1.171E-01   3.904E-01
 329.00     330.00     1.651E-01  3.484E-01     1.541E-01   5.135E-01
 330.00     331.00     1.513E-01  3.131E-01     1.393E-01   4.644E-01
 331.00     332.00     1.511E-01  3.074E-01     1.376E-01   4.585E-01
 332.00     333.00     1.513E-01  3.049E-01     1.369E-01   4.562E-01
 333.00     334.00     1.434E-01  2.837E-01     1.281E-01   4.270E-01
 334.00     335.00     1.621E-01  3.162E-01     1.435E-01   4.783E-01
 335.00     336.00     1.664E-01  3.207E-01     1.462E-01   4.872E-01
 336.00     337.00     1.314E-01  2.491E-01     1.141E-01   3.805E-01
 337.00     338.00     1.454E-01  2.710E-01     1.249E-01   4.165E-01
 338.00     339.00     1.554E-01  2.863E-01     1.325E-01   4.418E-01
 339.00     340.00     1.707E-01  3.099E-01     1.442E-01   4.807E-01
 340.00     341.00     1.841E-01  3.291E-01     1.539E-01   5.132E-01
 341.00     342.00     1.653E-01  2.917E-01     1.371E-01   4.570E-01
 342.00     343.00     1.849E-01  3.217E-01     1.520E-01   5.065E-01
 343.00     344.00     1.937E-01  3.321E-01     1.578E-01   5.259E-01
 344.00     345.00     1.370E-01  2.314E-01     1.105E-01   3.683E-01
 345.00     346.00     1.895E-01  3.163E-01     1.518E-01   5.059E-01
 346.00     347.00     1.787E-01  2.940E-01     1.418E-01   4.727E-01
 347.00     348.00     1.762E-01  2.859E-01     1.386E-01   4.620E-01
 348.00     349.00     1.953E-01  3.128E-01     1.524E-01   5.081E-01
 349.00     350.00     1.651E-01  2.608E-01     1.278E-01   4.259E-01
 350.00     351.00     2.330E-01  3.634E-01     1.789E-01   5.965E-01
 351.00     352.00     2.025E-01  3.116E-01     1.542E-01   5.141E-01
 352.00     353.00     1.841E-01  2.797E-01     1.391E-01   4.638E-01
 353.00     354.00     2.234E-01  3.351E-01     1.675E-01   5.585E-01
 354.00     355.00     2.437E-01  3.610E-01     1.814E-01   6.046E-01
 355.00     356.00     2.295E-01  3.357E-01     1.695E-01   5.651E-01
 356.00     357.00     2.145E-01  3.100E-01     1.574E-01   5.245E-01
 357.00     358.00     1.838E-01  2.623E-01     1.338E-01   4.461E-01
 358.00     359.00     1.429E-01  2.014E-01     1.033E-01   3.443E-01
 359.00     360.00     2.422E-01  3.373E-01     1.739E-01   5.795E-01
 360.00     361.00     2.261E-01  3.111E-01     1.612E-01   5.372E-01
 361.00     362.00     2.053E-01  2.792E-01     1.453E-01   4.844E-01
 362.00     363.00     2.427E-01  3.262E-01     1.707E-01   5.690E-01
 363.00     364.00     2.174E-01  2.888E-01     1.519E-01   5.062E-01
 364.00     365.00     2.387E-01  3.135E-01     1.657E-01   5.523E-01
 365.00     366.00     2.928E-01  3.802E-01     2.019E-01   6.730E-01
 366.00     367.00     3.119E-01  4.004E-01     2.137E-01   7.123E-01
 367.00     368.00     2.981E-01  3.783E-01     2.029E-01   6.764E-01
 368.00     369.00     2.635E-01  3.308E-01     1.783E-01   5.943E-01
 369.00     370.00     3.181E-01  3.949E-01     2.139E-01   7.130E-01
 370.00     371.00     2.904E-01  3.565E-01     1.941E-01   6.469E-01
 371.00     372.00     3.343E-01  4.060E-01     2.221E-01   7.403E-01
 372.00     373.00     2.484E-01  2.985E-01     1.641E-01   5.469E-01
 373.00     374.00     2.259E-01  2.685E-01     1.483E-01   4.944E-01
 374.00     375.00     2.494E-01  2.933E-01     1.628E-01   5.427E-01
 375.00     376.00     2.830E-01  3.294E-01     1.837E-01   6.123E-01
 376.00     377.00     2.842E-01  3.274E-01     1.835E-01   6.115E-01
 377.00     378.00     3.403E-01  3.880E-01     2.185E-01   7.283E-01
 378.00     379.00     3.730E-01  4.209E-01     2.382E-01   7.939E-01
 379.00     380.00     2.775E-01  3.100E-01     1.762E-01   5.874E-01
 380.00     381.00     3.355E-01  3.710E-01     2.120E-01   7.065E-01
 381.00     382.00     3.169E-01  3.471E-01     1.992E-01   6.640E-01
 382.00     383.00     2.123E-01  2.302E-01     1.327E-01   4.425E-01
 383.00     384.00     1.874E-01  2.012E-01     1.166E-01   3.886E-01
 384.00     385.00     2.827E-01  3.006E-01     1.750E-01   5.832E-01
 385.00     386.00     2.811E-01  2.960E-01     1.731E-01   5.771E-01
 386.00     387.00     2.880E-01  3.004E-01     1.765E-01   5.884E-01
 387.00     388.00     2.690E-01  2.779E-01     1.641E-01   5.469E-01
 388.00     389.00     2.709E-01  2.773E-01     1.645E-01   5.482E-01
 389.00     390.00     3.433E-01  3.481E-01     2.074E-01   6.914E-01
 390.00     391.00     3.388E-01  3.404E-01     2.038E-01   6.792E-01
 391.00     392.00     4.039E-01  4.020E-01     2.418E-01   8.059E-01
 392.00     393.00     3.043E-01  3.001E-01     1.813E-01   6.044E-01
 393.00     394.00     1.329E-01  1.299E-01     7.884E-02   2.628E-01
 394.00     395.00     3.142E-01  3.043E-01     1.855E-01   6.185E-01
 395.00     396.00     4.060E-01  3.898E-01     2.388E-01   7.959E-01
 396.00     397.00     2.395E-01  2.279E-01     1.402E-01   4.674E-01
 397.00     398.00     2.776E-01  2.619E-01     1.618E-01   5.394E-01
 398.00     399.00     4.791E-01  4.480E-01     2.781E-01   9.271E-01
 399.00     400.00     5.004E-01  4.640E-01     2.893E-01   9.644E-01
 \nWEIGHTED IRRADIANCES (W m-2)
 (with normalized action spectra)\n
   1 UV-B, 280-315 nm                          1.063E+00
   2 UV-B*, 280-320 nm                         2.121E+00
   3 UV-A, 315-400 nm                          4.382E+01
   4 vis+, > 400 nm                            0.000E+00
   5 Gaussian, 305 nm, 10 nm FWHM              4.292E-02
   6 Gaussian, 320 nm, 10 nm FWHM              2.593E-01
   7 Gaussian, 340 nm, 10 nm FWHM              4.640E-01
   8 Gaussian, 380 nm, 10 nm FWHM              6.104E-01
   9 RB Meter, model 501                       2.998E-01
  10 Eppley UV Photometer                      3.770E+01
  11 PAR, 400-700 nm, umol m-2 s-1             0.000E+00
  12 Exponential decay, 14 nm/10               3.577E-01
  13 DNA damage, in vitro (Setlow, 1974)       2.595E-03
  14 SCUP-mice (de Gruijl et al., 1993)        1.829E-01
  15 SCUP-human (de Gruijl and van der Leun,   3.302E-01
  16 Standard human erythema (Webb et al., 20  1.395E-01
  17 UV index (WMO, 1994; Webb et al., 2011)   5.579E+00
  18 Erythema, humans (Anders et al., 1995)    5.839E-04
  19 Occupational TLV (ACGIH, 1992)            3.359E-02
  20 Phytoplankton (Boucher et al., 1994)      2.713E-03
  21 Phytoplankton, phaeo (Cullen et al., 199  1.138E-03
  22 Phytoplankton, proro (Cullen et al., 199  1.034E-03
  23 Cataract, pig (Oriowo et al., 2001)       4.365E-01
  24 Plant damage (Caldwell, 1971)             1.477E-01
  25 Plant damage,Flint&Caldwell,2003,orig.    7.146E-01
  26 Plant damage,Flint&Caldwell,2003,ext390   1.028E+00
  27 Previtamin-D3 (CIE 2006)                  2.612E-01
  28 NMSC (CIE 2006)                           3.100E-01
  29 Ebola virus inactivation                  8.726E-01
