\n INPUT PARAMETERS:\n
 RADIATION SCHEME:            4  streams\n
 w-grid:         111   290.000000       400.000000    
 equally spaced z-grid
 z-grid:          81   2.50000004E-02   80.0000000    
  measurement point: index           1  altitude=   2.50000004E-02
 idate =     20230823  esfact(1) =    1.00000000    
 air temperature: USSA, 1976
 air concentrations: USSA, 1976
 ozone profile: USSA, 1976
 DATAE1/SUN/susim_hi.flx
 DATAE1/SUN/atlas3_1994_317_a.dat        
 DATAE1/SUN/neckel.flx                   
 DATAE1/SUN/sao2010.solref.converted     
 aerosols:  Elterman (1968) continental profile
 solar zenith angle =    44.2999992    
 \n SPECTRAL IRRADIANCE (W m-2 nm-1):\n
 LOWER WVL  UPPER WVL  DIRECT     DIFFUSE DOWN  DIFFUSE UP  TOTAL DOWNWELLING
 290.00     291.00     0.000E+00  0.000E+00     0.000E+00   0.000E+00
 291.00     292.00     1.242E-07  3.485E-07     4.726E-08   4.726E-07
 292.00     293.00     4.914E-07  1.366E-06     1.858E-07   1.858E-06
 293.00     294.00     2.261E-06  6.247E-06     8.508E-07   8.508E-06
 294.00     295.00     6.192E-06  1.701E-05     2.320E-06   2.320E-05
 295.00     296.00     2.288E-05  6.273E-05     8.562E-06   8.562E-05
 296.00     297.00     5.504E-05  1.507E-04     2.057E-05   2.057E-04
 297.00     298.00     1.399E-04  3.823E-04     5.222E-05   5.222E-04
 298.00     299.00     2.117E-04  5.778E-04     7.895E-05   7.895E-04
 299.00     300.00     5.918E-04  1.613E-03     2.205E-04   2.205E-03
 300.00     301.00     6.611E-04  1.797E-03     2.458E-04   2.458E-03
 301.00     302.00     1.584E-03  4.307E-03     5.891E-04   5.891E-03
 302.00     303.00     2.245E-03  6.072E-03     8.316E-04   8.316E-03
 303.00     304.00     4.440E-03  1.201E-02     1.645E-03   1.645E-02
 304.00     305.00     5.327E-03  1.429E-02     1.962E-03   1.962E-02
 305.00     306.00     8.003E-03  2.147E-02     2.948E-03   2.948E-02
 306.00     307.00     8.914E-03  2.366E-02     3.258E-03   3.258E-02
 307.00     308.00     1.432E-02  3.799E-02     5.230E-03   5.230E-02
 308.00     309.00     1.687E-02  4.422E-02     6.109E-03   6.109E-02
 309.00     310.00     1.602E-02  4.180E-02     5.782E-03   5.782E-02
 310.00     311.00     2.311E-02  5.979E-02     8.290E-03   8.290E-02
 311.00     312.00     3.103E-02  7.937E-02     1.104E-02   1.104E-01
 312.00     313.00     3.223E-02  8.209E-02     1.143E-02   1.143E-01
 313.00     314.00     3.754E-02  9.413E-02     1.317E-02   1.317E-01
 314.00     315.00     3.958E-02  9.879E-02     1.384E-02   1.384E-01
 315.00     316.00     4.176E-02  1.025E-01     1.443E-02   1.443E-01
 316.00     317.00     4.343E-02  1.059E-01     1.494E-02   1.494E-01
 317.00     318.00     6.235E-02  1.492E-01     2.116E-02   2.116E-01
 318.00     319.00     5.102E-02  1.213E-01     1.723E-02   1.723E-01
 319.00     320.00     6.344E-02  1.485E-01     2.119E-02   2.119E-01
 320.00     321.00     7.872E-02  1.814E-01     2.602E-02   2.602E-01
 321.00     322.00     6.922E-02  1.586E-01     2.279E-02   2.279E-01
 322.00     323.00     6.953E-02  1.550E-01     2.245E-02   2.245E-01
 323.00     324.00     7.442E-02  1.655E-01     2.399E-02   2.399E-01
 324.00     325.00     8.844E-02  1.931E-01     2.815E-02   2.815E-01
 325.00     326.00     1.001E-01  2.143E-01     3.145E-02   3.145E-01
 326.00     327.00     1.246E-01  2.651E-01     3.897E-02   3.897E-01
 327.00     328.00     1.170E-01  2.438E-01     3.608E-02   3.608E-01
 328.00     329.00     1.094E-01  2.241E-01     3.335E-02   3.335E-01
 329.00     330.00     1.451E-01  2.947E-01     4.397E-02   4.397E-01
 330.00     331.00     1.330E-01  2.647E-01     3.976E-02   3.976E-01
 331.00     332.00     1.329E-01  2.599E-01     3.928E-02   3.928E-01
 332.00     333.00     1.333E-01  2.582E-01     3.915E-02   3.915E-01
 333.00     334.00     1.264E-01  2.401E-01     3.665E-02   3.665E-01
 334.00     335.00     1.430E-01  2.678E-01     4.108E-02   4.108E-01
 335.00     336.00     1.471E-01  2.719E-01     4.190E-02   4.190E-01
 336.00     337.00     1.161E-01  2.112E-01     3.274E-02   3.274E-01
 337.00     338.00     1.286E-01  2.298E-01     3.584E-02   3.584E-01
 338.00     339.00     1.376E-01  2.430E-01     3.806E-02   3.806E-01
 339.00     340.00     1.513E-01  2.631E-01     4.144E-02   4.144E-01
 340.00     341.00     1.632E-01  2.794E-01     4.426E-02   4.426E-01
 341.00     342.00     1.467E-01  2.478E-01     3.944E-02   3.944E-01
 342.00     343.00     1.642E-01  2.733E-01     4.375E-02   4.375E-01
 343.00     344.00     1.721E-01  2.823E-01     4.544E-02   4.544E-01
 344.00     345.00     1.217E-01  1.967E-01     3.184E-02   3.184E-01
 345.00     346.00     1.687E-01  2.691E-01     4.377E-02   4.377E-01
 346.00     347.00     1.591E-01  2.501E-01     4.092E-02   4.092E-01
 347.00     348.00     1.569E-01  2.433E-01     4.002E-02   4.002E-01
 348.00     349.00     1.741E-01  2.663E-01     4.404E-02   4.404E-01
 349.00     350.00     1.472E-01  2.221E-01     3.693E-02   3.693E-01
 350.00     351.00     2.079E-01  3.095E-01     5.175E-02   5.175E-01
 351.00     352.00     1.808E-01  2.655E-01     4.462E-02   4.462E-01
 352.00     353.00     1.644E-01  2.383E-01     4.028E-02   4.028E-01
 353.00     354.00     1.996E-01  2.857E-01     4.853E-02   4.853E-01
 354.00     355.00     2.179E-01  3.078E-01     5.257E-02   5.257E-01
 355.00     356.00     2.053E-01  2.863E-01     4.916E-02   4.916E-01
 356.00     357.00     1.921E-01  2.645E-01     4.565E-02   4.565E-01
 357.00     358.00     1.646E-01  2.238E-01     3.885E-02   3.885E-01
 358.00     359.00     1.280E-01  1.719E-01     3.000E-02   3.000E-01
 359.00     360.00     2.172E-01  2.880E-01     5.052E-02   5.052E-01
 360.00     361.00     2.028E-01  2.657E-01     4.686E-02   4.686E-01
 361.00     362.00     1.842E-01  2.385E-01     4.227E-02   4.227E-01
 362.00     363.00     2.180E-01  2.788E-01     4.967E-02   4.967E-01
 363.00     364.00     1.953E-01  2.469E-01     4.422E-02   4.422E-01
 364.00     365.00     2.146E-01  2.681E-01     4.826E-02   4.826E-01
 365.00     366.00     2.633E-01  3.251E-01     5.884E-02   5.884E-01
 366.00     367.00     2.806E-01  3.425E-01     6.232E-02   6.232E-01
 367.00     368.00     2.683E-01  3.237E-01     5.920E-02   5.920E-01
 368.00     369.00     2.373E-01  2.831E-01     5.204E-02   5.204E-01
 369.00     370.00     2.865E-01  3.381E-01     6.246E-02   6.246E-01
 370.00     371.00     2.617E-01  3.053E-01     5.670E-02   5.670E-01
 371.00     372.00     3.014E-01  3.478E-01     6.492E-02   6.492E-01
 372.00     373.00     2.241E-01  2.557E-01     4.798E-02   4.798E-01
 373.00     374.00     2.038E-01  2.301E-01     4.339E-02   4.339E-01
 374.00     375.00     2.251E-01  2.514E-01     4.765E-02   4.765E-01
 375.00     376.00     2.555E-01  2.824E-01     5.379E-02   5.379E-01
 376.00     377.00     2.567E-01  2.807E-01     5.375E-02   5.375E-01
 377.00     378.00     3.076E-01  3.328E-01     6.404E-02   6.404E-01
 378.00     379.00     3.372E-01  3.611E-01     6.984E-02   6.984E-01
 379.00     380.00     2.510E-01  2.660E-01     5.170E-02   5.170E-01
 380.00     381.00     3.036E-01  3.185E-01     6.221E-02   6.221E-01
 381.00     382.00     2.869E-01  2.980E-01     5.849E-02   5.849E-01
 382.00     383.00     1.922E-01  1.977E-01     3.899E-02   3.899E-01
 383.00     384.00     1.698E-01  1.728E-01     3.426E-02   3.426E-01
 384.00     385.00     2.562E-01  2.582E-01     5.144E-02   5.144E-01
 385.00     386.00     2.548E-01  2.544E-01     5.092E-02   5.092E-01
 386.00     387.00     2.612E-01  2.582E-01     5.194E-02   5.194E-01
 387.00     388.00     2.440E-01  2.389E-01     4.829E-02   4.829E-01
 388.00     389.00     2.459E-01  2.385E-01     4.843E-02   4.843E-01
 389.00     390.00     3.117E-01  2.994E-01     6.111E-02   6.111E-01
 390.00     391.00     3.077E-01  2.929E-01     6.006E-02   6.006E-01
 391.00     392.00     3.669E-01  3.460E-01     7.128E-02   7.128E-01
 392.00     393.00     2.765E-01  2.583E-01     5.348E-02   5.348E-01
 393.00     394.00     1.208E-01  1.118E-01     2.326E-02   2.326E-01
 394.00     395.00     2.856E-01  2.621E-01     5.477E-02   5.477E-01
 395.00     396.00     3.693E-01  3.358E-01     7.051E-02   7.051E-01
 396.00     397.00     2.179E-01  1.964E-01     4.143E-02   4.143E-01
 397.00     398.00     2.526E-01  2.256E-01     4.783E-02   4.783E-01
 398.00     399.00     4.361E-01  3.861E-01     8.223E-02   8.223E-01
 399.00     400.00     4.557E-01  4.000E-01     8.557E-02   8.557E-01
 \nWEIGHTED IRRADIANCES (W m-2)
 (with normalized action spectra)\n
   1 UV-B, 280-315 nm                          8.675E-01
   2 UV-B*, 280-320 nm                         1.757E+00
   3 UV-A, 315-400 nm                          3.821E+01
   4 vis+, > 400 nm                            0.000E+00
   5 Gaussian, 305 nm, 10 nm FWHM              3.458E-02
   6 Gaussian, 320 nm, 10 nm FWHM              2.194E-01
   7 Gaussian, 340 nm, 10 nm FWHM              4.001E-01
   8 Gaussian, 380 nm, 10 nm FWHM              5.372E-01
   9 RB Meter, model 501                       2.437E-01
  10 Eppley UV Photometer                      3.256E+01
  11 PAR, 400-700 nm, umol m-2 s-1             0.000E+00
  12 Exponential decay, 14 nm/10               2.929E-01
  13 DNA damage, in vitro (Setlow, 1974)       2.025E-03
  14 SCUP-mice (de Gruijl et al., 1993)        1.468E-01
  15 SCUP-human (de Gruijl and van der Leun,   2.684E-01
  16 Standard human erythema (Webb et al., 20  1.135E-01
  17 UV index (WMO, 1994; Webb et al., 2011)   4.541E+00
  18 Erythema, humans (Anders et al., 1995)    4.673E-04
  19 Occupational TLV (ACGIH, 1992)            2.696E-02
  20 Phytoplankton (Boucher et al., 1994)      2.241E-03
  21 Phytoplankton, phaeo (Cullen et al., 199  9.707E-04
  22 Phytoplankton, proro (Cullen et al., 199  8.737E-04
  23 Cataract, pig (Oriowo et al., 2001)       3.547E-01
  24 Plant damage (Caldwell, 1971)             1.161E-01
  25 Plant damage,Flint&Caldwell,2003,orig.    6.064E-01
  26 Plant damage,Flint&Caldwell,2003,ext390   8.817E-01
  27 Previtamin-D3 (CIE 2006)                  2.090E-01
  28 NMSC (CIE 2006)                           2.515E-01
  29 Ebola virus inactivation                  6.821E-01
