

 \n INPUT PARAMETERS:\n
 RADIATION SCHEME:            4  streams\n
 w-grid:         111   290.000000       400.000000    
 equally spaced z-grid
 z-grid:          81   2.50000004E-02   80.0000000    
  measurement point: index           1  altitude=   2.50000004E-02
 idate =     20230427  esfact(1) =    1.00000000    
 air temperature: USSA, 1976
 air concentrations: USSA, 1976
 ozone profile: USSA, 1976
 DATAE1/SUN/susim_hi.flx
 DATAE1/SUN/atlas3_1994_317_a.dat        
 DATAE1/SUN/neckel.flx                   
 DATAE1/SUN/sao2010.solref.converted     
 aerosols:  Elterman (1968) continental profile
 solar zenith angle =    43.2000008    
 \n SPECTRAL IRRADIANCE (W m-2 nm-1):\n
 LOWER WVL  UPPER WVL  DIRECT     DIFFUSE DOWN  DIFFUSE UP  TOTAL DOWNWELLING
 290.00     291.00     0.000E+00  0.000E+00     0.000E+00   0.000E+00
 291.00     292.00     1.661E-07  4.405E-07     6.067E-08   6.067E-07
 292.00     293.00     6.399E-07  1.689E-06     2.329E-07   2.329E-06
 293.00     294.00     2.869E-06  7.555E-06     1.042E-06   1.042E-05
 294.00     295.00     7.702E-06  2.022E-05     2.793E-06   2.793E-05
 295.00     296.00     2.786E-05  7.321E-05     1.011E-05   1.011E-04
 296.00     297.00     6.583E-05  1.731E-04     2.389E-05   2.389E-04
 297.00     298.00     1.647E-04  4.333E-04     5.980E-05   5.980E-04
 298.00     299.00     2.460E-04  6.473E-04     8.934E-05   8.934E-04
 299.00     300.00     6.791E-04  1.788E-03     2.467E-04   2.467E-03
 300.00     301.00     7.513E-04  1.974E-03     2.725E-04   2.725E-03
 301.00     302.00     1.781E-03  4.688E-03     6.470E-04   6.470E-03
 302.00     303.00     2.507E-03  6.569E-03     9.076E-04   9.076E-03
 303.00     304.00     4.919E-03  1.290E-02     1.782E-03   1.782E-02
 304.00     305.00     5.873E-03  1.529E-02     2.116E-03   2.116E-02
 305.00     306.00     8.762E-03  2.283E-02     3.159E-03   3.159E-02
 306.00     307.00     9.727E-03  2.509E-02     3.481E-03   3.481E-02
 307.00     308.00     1.553E-02  4.006E-02     5.560E-03   5.560E-02
 308.00     309.00     1.825E-02  4.654E-02     6.480E-03   6.480E-02
 309.00     310.00     1.727E-02  4.384E-02     6.111E-03   6.111E-02
 310.00     311.00     2.484E-02  6.256E-02     8.739E-03   8.739E-02
 311.00     312.00     3.329E-02  8.290E-02     1.162E-02   1.162E-01
 312.00     313.00     3.446E-02  8.549E-02     1.199E-02   1.199E-01
 313.00     314.00     4.009E-02  9.795E-02     1.380E-02   1.380E-01
 314.00     315.00     4.215E-02  1.025E-01     1.447E-02   1.447E-01
 315.00     316.00     4.444E-02  1.064E-01     1.508E-02   1.508E-01
 316.00     317.00     4.611E-02  1.097E-01     1.558E-02   1.558E-01
 317.00     318.00     6.616E-02  1.545E-01     2.207E-02   2.207E-01
 318.00     319.00     5.403E-02  1.254E-01     1.794E-02   1.794E-01
 319.00     320.00     6.714E-02  1.534E-01     2.205E-02   2.205E-01
 320.00     321.00     8.326E-02  1.873E-01     2.706E-02   2.706E-01
 321.00     322.00     7.307E-02  1.635E-01     2.366E-02   2.366E-01
 322.00     323.00     7.346E-02  1.600E-01     2.334E-02   2.334E-01
 323.00     324.00     7.845E-02  1.704E-01     2.489E-02   2.489E-01
 324.00     325.00     9.320E-02  1.989E-01     2.921E-02   2.921E-01
 325.00     326.00     1.055E-01  2.208E-01     3.263E-02   3.263E-01
 326.00     327.00     1.311E-01  2.727E-01     4.039E-02   4.039E-01
 327.00     328.00     1.231E-01  2.509E-01     3.740E-02   3.740E-01
 328.00     329.00     1.151E-01  2.306E-01     3.457E-02   3.457E-01
 329.00     330.00     1.524E-01  3.029E-01     4.553E-02   4.553E-01
 330.00     331.00     1.397E-01  2.721E-01     4.118E-02   4.118E-01
 331.00     332.00     1.396E-01  2.673E-01     4.068E-02   4.068E-01
 332.00     333.00     1.399E-01  2.653E-01     4.052E-02   4.052E-01
 333.00     334.00     1.326E-01  2.468E-01     3.794E-02   3.794E-01
 334.00     335.00     1.500E-01  2.752E-01     4.252E-02   4.252E-01
 335.00     336.00     1.542E-01  2.793E-01     4.335E-02   4.335E-01
 336.00     337.00     1.217E-01  2.169E-01     3.387E-02   3.387E-01
 337.00     338.00     1.348E-01  2.361E-01     3.708E-02   3.708E-01
 338.00     339.00     1.442E-01  2.495E-01     3.937E-02   3.937E-01
 339.00     340.00     1.584E-01  2.701E-01     4.286E-02   4.286E-01
 340.00     341.00     1.709E-01  2.868E-01     4.577E-02   4.577E-01
 341.00     342.00     1.535E-01  2.543E-01     4.078E-02   4.078E-01
 342.00     343.00     1.718E-01  2.805E-01     4.523E-02   4.523E-01
 343.00     344.00     1.801E-01  2.897E-01     4.698E-02   4.698E-01
 344.00     345.00     1.273E-01  2.019E-01     3.292E-02   3.292E-01
 345.00     346.00     1.764E-01  2.761E-01     4.524E-02   4.524E-01
 346.00     347.00     1.663E-01  2.566E-01     4.229E-02   4.229E-01
 347.00     348.00     1.640E-01  2.496E-01     4.136E-02   4.136E-01
 348.00     349.00     1.819E-01  2.732E-01     4.551E-02   4.551E-01
 349.00     350.00     1.538E-01  2.278E-01     3.816E-02   3.816E-01
 350.00     351.00     2.172E-01  3.175E-01     5.347E-02   5.347E-01
 351.00     352.00     1.888E-01  2.723E-01     4.610E-02   4.610E-01
 352.00     353.00     1.717E-01  2.444E-01     4.161E-02   4.161E-01
 353.00     354.00     2.084E-01  2.929E-01     5.013E-02   5.013E-01
 354.00     355.00     2.274E-01  3.156E-01     5.430E-02   5.430E-01
 355.00     356.00     2.142E-01  2.936E-01     5.078E-02   5.078E-01
 356.00     357.00     2.004E-01  2.712E-01     4.715E-02   4.715E-01
 357.00     358.00     1.717E-01  2.295E-01     4.012E-02   4.012E-01
 358.00     359.00     1.335E-01  1.763E-01     3.098E-02   3.098E-01
 359.00     360.00     2.264E-01  2.953E-01     5.217E-02   5.217E-01
 360.00     361.00     2.114E-01  2.724E-01     4.838E-02   4.838E-01
 361.00     362.00     1.920E-01  2.445E-01     4.365E-02   4.365E-01
 362.00     363.00     2.271E-01  2.857E-01     5.128E-02   5.128E-01
 363.00     364.00     2.035E-01  2.530E-01     4.565E-02   4.565E-01
 364.00     365.00     2.235E-01  2.747E-01     4.982E-02   4.982E-01
 365.00     366.00     2.742E-01  3.332E-01     6.074E-02   6.074E-01
 366.00     367.00     2.922E-01  3.510E-01     6.432E-02   6.432E-01
 367.00     368.00     2.793E-01  3.317E-01     6.110E-02   6.110E-01
 368.00     369.00     2.470E-01  2.901E-01     5.370E-02   5.370E-01
 369.00     370.00     2.982E-01  3.463E-01     6.445E-02   6.445E-01
 370.00     371.00     2.723E-01  3.128E-01     5.851E-02   5.851E-01
 371.00     372.00     3.136E-01  3.562E-01     6.698E-02   6.698E-01
 372.00     373.00     2.331E-01  2.619E-01     4.950E-02   4.950E-01
 373.00     374.00     2.120E-01  2.357E-01     4.477E-02   4.477E-01
 374.00     375.00     2.341E-01  2.575E-01     4.916E-02   4.916E-01
 375.00     376.00     2.657E-01  2.892E-01     5.549E-02   5.549E-01
 376.00     377.00     2.669E-01  2.875E-01     5.544E-02   5.544E-01
 377.00     378.00     3.197E-01  3.408E-01     6.605E-02   6.605E-01
 378.00     379.00     3.505E-01  3.698E-01     7.203E-02   7.203E-01
 379.00     380.00     2.608E-01  2.724E-01     5.331E-02   5.331E-01
 380.00     381.00     3.154E-01  3.261E-01     6.415E-02   6.415E-01
 381.00     382.00     2.980E-01  3.051E-01     6.031E-02   6.031E-01
 382.00     383.00     1.997E-01  2.024E-01     4.021E-02   4.021E-01
 383.00     384.00     1.763E-01  1.769E-01     3.532E-02   3.532E-01
 384.00     385.00     2.660E-01  2.644E-01     5.303E-02   5.303E-01
 385.00     386.00     2.646E-01  2.604E-01     5.250E-02   5.250E-01
 386.00     387.00     2.711E-01  2.643E-01     5.354E-02   5.354E-01
 387.00     388.00     2.532E-01  2.446E-01     4.978E-02   4.978E-01
 388.00     389.00     2.551E-01  2.441E-01     4.992E-02   4.992E-01
 389.00     390.00     3.234E-01  3.065E-01     6.298E-02   6.298E-01
 390.00     391.00     3.192E-01  2.997E-01     6.190E-02   6.190E-01
 391.00     392.00     3.806E-01  3.541E-01     7.346E-02   7.346E-01
 392.00     393.00     2.868E-01  2.644E-01     5.512E-02   5.512E-01
 393.00     394.00     1.253E-01  1.145E-01     2.397E-02   2.397E-01
 394.00     395.00     2.962E-01  2.682E-01     5.644E-02   5.644E-01
 395.00     396.00     3.829E-01  3.436E-01     7.265E-02   7.265E-01
 396.00     397.00     2.259E-01  2.009E-01     4.268E-02   4.268E-01
 397.00     398.00     2.619E-01  2.309E-01     4.927E-02   4.927E-01
 398.00     399.00     4.520E-01  3.951E-01     8.471E-02   8.471E-01
 399.00     400.00     4.723E-01  4.092E-01     8.815E-02   8.815E-01
 \nWEIGHTED IRRADIANCES (W m-2)
 (with normalized action spectra)\n
   1 UV-B, 280-315 nm                          9.158E-01
   2 UV-B*, 280-320 nm                         1.843E+00
   3 UV-A, 315-400 nm                          3.946E+01
   4 vis+, > 400 nm                            0.000E+00
   5 Gaussian, 305 nm, 10 nm FWHM              3.671E-02
   6 Gaussian, 320 nm, 10 nm FWHM              2.282E-01
   7 Gaussian, 340 nm, 10 nm FWHM              4.138E-01
   8 Gaussian, 380 nm, 10 nm FWHM              5.540E-01
   9 RB Meter, model 501                       2.577E-01
  10 Eppley UV Photometer                      3.369E+01
  11 PAR, 400-700 nm, umol m-2 s-1             0.000E+00
  12 Exponential decay, 14 nm/10               3.088E-01
  13 DNA damage, in vitro (Setlow, 1974)       2.178E-03
  14 SCUP-mice (de Gruijl et al., 1993)        1.561E-01
  15 SCUP-human (de Gruijl and van der Leun,   2.840E-01
  16 Standard human erythema (Webb et al., 20  1.201E-01
  17 UV index (WMO, 1994; Webb et al., 2011)   4.802E+00
  18 Erythema, humans (Anders et al., 1995)    4.976E-04
  19 Occupational TLV (ACGIH, 1992)            2.868E-02
  20 Phytoplankton (Boucher et al., 1994)      2.354E-03
  21 Phytoplankton, phaeo (Cullen et al., 199  1.009E-03
  22 Phytoplankton, proro (Cullen et al., 199  9.105E-04
  23 Cataract, pig (Oriowo et al., 2001)       3.752E-01
  24 Plant damage (Caldwell, 1971)             1.245E-01
  25 Plant damage,Flint&Caldwell,2003,orig.    6.313E-01
  26 Plant damage,Flint&Caldwell,2003,ext390   9.152E-01
  27 Previtamin-D3 (CIE 2006)                  2.225E-01
  28 NMSC (CIE 2006)                           2.662E-01
  29 Ebola virus inactivation                  7.333E-01
