\n INPUT PARAMETERS:\n
 RADIATION SCHEME:            4  streams\n
 w-grid:         111   290.000000       400.000000    
 equally spaced z-grid
 z-grid:          81   2.50000004E-02   80.0000000    
  measurement point: index           1  altitude=   2.50000004E-02
 idate =     20230802  esfact(1) =    1.00000000    
 air temperature: USSA, 1976
 air concentrations: USSA, 1976
 ozone profile: USSA, 1976
 DATAE1/SUN/susim_hi.flx
 DATAE1/SUN/atlas3_1994_317_a.dat        
 DATAE1/SUN/neckel.flx                   
 DATAE1/SUN/sao2010.solref.converted     
 aerosols:  Elterman (1968) continental profile
 solar zenith angle =    50.7000008    
 \n SPECTRAL IRRADIANCE (W m-2 nm-1):\n
 LOWER WVL  UPPER WVL  DIRECT     DIFFUSE DOWN  DIFFUSE UP  TOTAL DOWNWELLING
 290.00     291.00     0.000E+00  0.000E+00     0.000E+00   0.000E+00
 291.00     292.00     1.577E-08  8.226E-08     2.941E-08   9.803E-08
 292.00     293.00     7.574E-08  3.702E-07     1.338E-07   4.459E-07
 293.00     294.00     4.182E-07  1.943E-06     7.083E-07   2.361E-06
 294.00     295.00     1.322E-06  5.925E-06     2.174E-06   7.247E-06
 295.00     296.00     5.688E-06  2.476E-05     9.133E-06   3.044E-05
 296.00     297.00     1.553E-05  6.616E-05     2.451E-05   8.169E-05
 297.00     298.00     4.410E-05  1.849E-04     6.869E-05   2.290E-04
 298.00     299.00     7.336E-05  3.035E-04     1.130E-04   3.768E-04
 299.00     300.00     2.241E-04  9.172E-04     3.424E-04   1.141E-03
 300.00     301.00     2.681E-04  1.087E-03     4.064E-04   1.355E-03
 301.00     302.00     6.919E-04  2.787E-03     1.044E-03   3.479E-03
 302.00     303.00     1.030E-03  4.111E-03     1.542E-03   5.141E-03
 303.00     304.00     2.160E-03  8.577E-03     3.221E-03   1.074E-02
 304.00     305.00     2.682E-03  1.054E-02     3.965E-03   1.322E-02
 305.00     306.00     4.235E-03  1.659E-02     6.248E-03   2.083E-02
 306.00     307.00     4.828E-03  1.867E-02     7.048E-03   2.349E-02
 307.00     308.00     8.082E-03  3.117E-02     1.177E-02   3.925E-02
 308.00     309.00     9.689E-03  3.685E-02     1.396E-02   4.654E-02
 309.00     310.00     9.467E-03  3.577E-02     1.357E-02   4.523E-02
 310.00     311.00     1.394E-02  5.215E-02     1.983E-02   6.609E-02
 311.00     312.00     1.900E-02  7.012E-02     2.674E-02   8.912E-02
 312.00     313.00     2.020E-02  7.418E-02     2.831E-02   9.438E-02
 313.00     314.00     2.371E-02  8.556E-02     3.278E-02   1.093E-01
 314.00     315.00     2.551E-02  9.155E-02     3.512E-02   1.171E-01
 315.00     316.00     2.707E-02  9.538E-02     3.673E-02   1.224E-01
 316.00     317.00     2.861E-02  1.001E-01     3.860E-02   1.287E-01
 317.00     318.00     4.117E-02  1.411E-01     5.467E-02   1.822E-01
 318.00     319.00     3.419E-02  1.163E-01     4.514E-02   1.505E-01
 319.00     320.00     4.272E-02  1.428E-01     5.565E-02   1.855E-01
 320.00     321.00     5.330E-02  1.751E-01     6.851E-02   2.284E-01
 321.00     322.00     4.750E-02  1.550E-01     6.076E-02   2.025E-01
 322.00     323.00     4.742E-02  1.502E-01     5.927E-02   1.976E-01
 323.00     324.00     5.155E-02  1.628E-01     6.430E-02   2.143E-01
 324.00     325.00     6.137E-02  1.899E-01     7.540E-02   2.513E-01
 325.00     326.00     6.952E-02  2.106E-01     8.402E-02   2.801E-01
 326.00     327.00     8.751E-02  2.632E-01     1.052E-01   3.507E-01
 327.00     328.00     8.209E-02  2.413E-01     9.703E-02   3.234E-01
 328.00     329.00     7.694E-02  2.220E-01     8.968E-02   2.989E-01
 329.00     330.00     1.029E-01  2.942E-01     1.191E-01   3.972E-01
 330.00     331.00     9.426E-02  2.636E-01     1.074E-01   3.579E-01
 331.00     332.00     9.432E-02  2.588E-01     1.059E-01   3.532E-01
 332.00     333.00     9.530E-02  2.586E-01     1.062E-01   3.539E-01
 333.00     334.00     9.031E-02  2.401E-01     9.913E-02   3.304E-01
 334.00     335.00     1.025E-01  2.682E-01     1.112E-01   3.708E-01
 335.00     336.00     1.059E-01  2.731E-01     1.137E-01   3.790E-01
 336.00     337.00     8.372E-02  2.121E-01     8.875E-02   2.958E-01
 337.00     338.00     9.271E-02  2.305E-01     9.695E-02   3.232E-01
 338.00     339.00     9.966E-02  2.444E-01     1.032E-01   3.441E-01
 339.00     340.00     1.098E-01  2.649E-01     1.124E-01   3.747E-01
 340.00     341.00     1.185E-01  2.811E-01     1.199E-01   3.997E-01
 341.00     342.00     1.069E-01  2.498E-01     1.070E-01   3.566E-01
 342.00     343.00     1.198E-01  2.757E-01     1.187E-01   3.956E-01
 343.00     344.00     1.258E-01  2.847E-01     1.232E-01   4.105E-01
 344.00     345.00     8.909E-02  1.984E-01     8.624E-02   2.875E-01
 345.00     346.00     1.238E-01  2.718E-01     1.187E-01   3.956E-01
 346.00     347.00     1.169E-01  2.526E-01     1.108E-01   3.694E-01
 347.00     348.00     1.155E-01  2.458E-01     1.084E-01   3.612E-01
 348.00     349.00     1.283E-01  2.692E-01     1.193E-01   3.976E-01
 349.00     350.00     1.087E-01  2.246E-01     9.999E-02   3.333E-01
 350.00     351.00     1.538E-01  3.132E-01     1.401E-01   4.670E-01
 351.00     352.00     1.339E-01  2.687E-01     1.208E-01   4.026E-01
 352.00     353.00     1.220E-01  2.413E-01     1.090E-01   3.633E-01
 353.00     354.00     1.483E-01  2.894E-01     1.313E-01   4.377E-01
 354.00     355.00     1.622E-01  3.120E-01     1.422E-01   4.741E-01
 355.00     356.00     1.530E-01  2.903E-01     1.330E-01   4.433E-01
 356.00     357.00     1.433E-01  2.682E-01     1.235E-01   4.116E-01
 357.00     358.00     1.230E-01  2.271E-01     1.050E-01   3.501E-01
 358.00     359.00     9.583E-02  1.745E-01     8.111E-02   2.704E-01
 359.00     360.00     1.627E-01  2.925E-01     1.366E-01   4.552E-01
 360.00     361.00     1.522E-01  2.699E-01     1.266E-01   4.221E-01
 361.00     362.00     1.385E-01  2.423E-01     1.142E-01   3.808E-01
 362.00     363.00     1.640E-01  2.834E-01     1.342E-01   4.474E-01
 363.00     364.00     1.472E-01  2.510E-01     1.194E-01   3.982E-01
 364.00     365.00     1.619E-01  2.726E-01     1.304E-01   4.345E-01
 365.00     366.00     1.989E-01  3.308E-01     1.589E-01   5.297E-01
 366.00     367.00     2.123E-01  3.486E-01     1.683E-01   5.608E-01
 367.00     368.00     2.032E-01  3.296E-01     1.598E-01   5.327E-01
 368.00     369.00     1.799E-01  2.883E-01     1.405E-01   4.682E-01
 369.00     370.00     2.175E-01  3.443E-01     1.686E-01   5.619E-01
 370.00     371.00     1.989E-01  3.111E-01     1.530E-01   5.100E-01
 371.00     372.00     2.293E-01  3.544E-01     1.751E-01   5.838E-01
 372.00     373.00     1.707E-01  2.607E-01     1.294E-01   4.314E-01
 373.00     374.00     1.554E-01  2.346E-01     1.170E-01   3.901E-01
 374.00     375.00     1.719E-01  2.564E-01     1.285E-01   4.283E-01
 375.00     376.00     1.953E-01  2.881E-01     1.450E-01   4.835E-01
 376.00     377.00     1.965E-01  2.865E-01     1.449E-01   4.830E-01
 377.00     378.00     2.356E-01  3.397E-01     1.726E-01   5.754E-01
 378.00     379.00     2.586E-01  3.687E-01     1.882E-01   6.274E-01
 379.00     380.00     1.927E-01  2.717E-01     1.393E-01   4.643E-01
 380.00     381.00     2.333E-01  3.254E-01     1.676E-01   5.587E-01
 381.00     382.00     2.207E-01  3.045E-01     1.576E-01   5.252E-01
 382.00     383.00     1.480E-01  2.020E-01     1.050E-01   3.501E-01
 383.00     384.00     1.309E-01  1.767E-01     9.226E-02   3.075E-01
 384.00     385.00     1.977E-01  2.641E-01     1.385E-01   4.617E-01
 385.00     386.00     1.968E-01  2.602E-01     1.371E-01   4.570E-01
 386.00     387.00     2.019E-01  2.641E-01     1.398E-01   4.660E-01
 387.00     388.00     1.888E-01  2.445E-01     1.300E-01   4.333E-01
 388.00     389.00     1.904E-01  2.440E-01     1.303E-01   4.345E-01
 389.00     390.00     2.416E-01  3.065E-01     1.644E-01   5.481E-01
 390.00     391.00     2.388E-01  2.998E-01     1.616E-01   5.386E-01
 391.00     392.00     2.850E-01  3.543E-01     1.918E-01   6.392E-01
 392.00     393.00     2.149E-01  2.646E-01     1.439E-01   4.796E-01
 393.00     394.00     9.399E-02  1.146E-01     6.257E-02   2.086E-01
 394.00     395.00     2.225E-01  2.685E-01     1.473E-01   4.910E-01
 395.00     396.00     2.879E-01  3.441E-01     1.896E-01   6.320E-01
 396.00     397.00     1.700E-01  2.013E-01     1.114E-01   3.713E-01
 397.00     398.00     1.972E-01  2.313E-01     1.286E-01   4.286E-01
 398.00     399.00     3.408E-01  3.960E-01     2.210E-01   7.368E-01
 399.00     400.00     3.564E-01  4.102E-01     2.300E-01   7.666E-01
 \nWEIGHTED IRRADIANCES (W m-2)
 (with normalized action spectra)\n
   1 UV-B, 280-315 nm                          6.871E-01
   2 UV-B*, 280-320 nm                         1.456E+00
   3 UV-A, 315-400 nm                          3.433E+01
   4 vis+, > 400 nm                            0.000E+00
   5 Gaussian, 305 nm, 10 nm FWHM              2.630E-02
   6 Gaussian, 320 nm, 10 nm FWHM              1.926E-01
   7 Gaussian, 340 nm, 10 nm FWHM              3.614E-01
   8 Gaussian, 380 nm, 10 nm FWHM              4.825E-01
   9 RB Meter, model 501                       1.913E-01
  10 Eppley UV Photometer                      2.922E+01
  11 PAR, 400-700 nm, umol m-2 s-1             0.000E+00
  12 Exponential decay, 14 nm/10               2.351E-01
  13 DNA damage, in vitro (Setlow, 1974)       1.415E-03
  14 SCUP-mice (de Gruijl et al., 1993)        1.109E-01
  15 SCUP-human (de Gruijl and van der Leun,   2.100E-01
  16 Standard human erythema (Webb et al., 20  8.921E-02
  17 UV index (WMO, 1994; Webb et al., 2011)   3.568E+00
  18 Erythema, humans (Anders et al., 1995)    3.486E-04
  19 Occupational TLV (ACGIH, 1992)            2.040E-02
  20 Phytoplankton (Boucher et al., 1994)      1.840E-03
  21 Phytoplankton, phaeo (Cullen et al., 199  8.496E-04
  22 Phytoplankton, proro (Cullen et al., 199  7.535E-04
  23 Cataract, pig (Oriowo et al., 2001)       2.778E-01
  24 Plant damage (Caldwell, 1971)             8.211E-02
  25 Plant damage,Flint&Caldwell,2003,orig.    5.262E-01
  26 Plant damage,Flint&Caldwell,2003,ext390   7.735E-01
  27 Previtamin-D3 (CIE 2006)                  1.562E-01
  28 NMSC (CIE 2006)                           1.955E-01
  29 Ebola virus inactivation                  4.770E-01
